Inference for Bugs model at "model2.txt", fit using jags,
 1 chains, each with 10000 iterations (first 5000 discarded), n.thin = 5
 n.sims = 1000 iterations saved. Running time = 147.22 secs
            mu.vect sd.vect      2.5%       25%       50%       75%     97.5%
b[1]         -2.228   0.081    -2.355    -2.289    -2.244    -2.178    -2.057
b[2]         -1.755   0.087    -1.892    -1.818    -1.770    -1.700    -1.570
b[3]         -1.984   0.085    -2.123    -2.044    -1.996    -1.932    -1.799
b[4]         -1.956   0.093    -2.106    -2.022    -1.967    -1.893    -1.766
b[5]         -2.158   0.092    -2.313    -2.226    -2.170    -2.100    -1.963
b[6]         -1.692   0.095    -1.850    -1.762    -1.703    -1.630    -1.485
b[7]         -2.234   0.115    -2.454    -2.312    -2.236    -2.159    -1.997
b[8]         -2.425   0.078    -2.545    -2.483    -2.443    -2.375    -2.256
b[9]         -1.980   0.094    -2.141    -2.046    -1.990    -1.918    -1.778
b[10]        -1.930   0.100    -2.102    -2.004    -1.936    -1.866    -1.719
b[11]        -1.686   0.094    -1.844    -1.754    -1.696    -1.627    -1.485
b[12]        -1.795   0.101    -1.968    -1.867    -1.801    -1.727    -1.583
b[13]        -2.438   0.087    -2.571    -2.500    -2.455    -2.388    -2.244
b[14]        -1.862   0.091    -2.021    -1.928    -1.874    -1.803    -1.665
b[15]        -2.165   0.099    -2.334    -2.235    -2.177    -2.104    -1.959
b[16]        -1.824   0.131    -2.066    -1.912    -1.828    -1.741    -1.556
b[17]        -1.754   0.088    -1.895    -1.818    -1.766    -1.701    -1.561
b[18]        -1.768   0.090    -1.922    -1.834    -1.779    -1.709    -1.577
b[19]        -1.748   0.091    -1.904    -1.813    -1.763    -1.691    -1.560
b[20]        -2.606   0.088    -2.760    -2.669    -2.618    -2.549    -2.421
b[21]        -1.961   0.095    -2.120    -2.030    -1.969    -1.900    -1.746
b[22]        -1.890   0.102    -2.071    -1.961    -1.898    -1.827    -1.678
b[23]        -1.824   0.081    -1.950    -1.885    -1.838    -1.771    -1.642
b[24]        -1.824   0.093    -1.985    -1.890    -1.832    -1.766    -1.625
b[25]        -1.816   0.089    -1.967    -1.878    -1.829    -1.759    -1.622
b[26]        -1.838   0.098    -2.008    -1.908    -1.845    -1.777    -1.624
b[27]        -2.269   0.142    -2.532    -2.367    -2.270    -2.176    -1.966
b[28]        -1.828   0.081    -1.949    -1.887    -1.844    -1.778    -1.652
b[29]        -1.657   0.095    -1.829    -1.724    -1.665    -1.597    -1.463
b[30]        -1.805   0.083    -1.940    -1.867    -1.816    -1.752    -1.627
b[31]        -2.211   0.085    -2.347    -2.274    -2.225    -2.160    -2.027
b[32]        -1.434   0.092    -1.587    -1.499    -1.445    -1.371    -1.245
b[33]        -1.822   0.091    -1.981    -1.886    -1.831    -1.762    -1.635
b[34]        -1.790   0.090    -1.943    -1.852    -1.801    -1.731    -1.589
b[35]        -2.395   0.091    -2.551    -2.460    -2.404    -2.336    -2.196
b[36]        -1.931   0.095    -2.089    -1.999    -1.939    -1.873    -1.727
b[37]        -2.053   0.096    -2.220    -2.124    -2.059    -1.987    -1.852
b[38]        -1.867   0.088    -2.011    -1.931    -1.879    -1.810    -1.670
b[39]        -2.100   0.097    -2.269    -2.170    -2.112    -2.037    -1.892
b[40]        -1.901   0.104    -2.084    -1.978    -1.911    -1.831    -1.679
b[41]        -2.061   0.092    -2.219    -2.125    -2.072    -2.003    -1.868
b[42]        -1.792   0.083    -1.925    -1.853    -1.803    -1.743    -1.609
b[43]        -1.718   0.085    -1.853    -1.779    -1.734    -1.664    -1.530
b[44]        -1.851   0.087    -1.996    -1.916    -1.864    -1.791    -1.672
b[45]        -1.743   0.091    -1.903    -1.807    -1.751    -1.686    -1.546
b[46]        -1.914   0.080    -2.040    -1.973    -1.931    -1.859    -1.744
b[47]        -1.903   0.092    -2.065    -1.971    -1.915    -1.846    -1.701
b[48]        -1.865   0.092    -2.030    -1.931    -1.869    -1.806    -1.679
b[49]        -2.025   0.087    -2.176    -2.088    -2.035    -1.970    -1.841
b[50]        -2.473   0.093    -2.638    -2.538    -2.481    -2.408    -2.274
b[51]        -1.580   0.096    -1.748    -1.650    -1.587    -1.520    -1.381
b[52]        -1.894   0.093    -2.055    -1.959    -1.902    -1.840    -1.699
b[53]        -1.775   0.083    -1.906    -1.835    -1.786    -1.724    -1.590
b[54]        -2.163   0.087    -2.308    -2.226    -2.173    -2.107    -1.972
b[55]        -2.021   0.082    -2.155    -2.081    -2.034    -1.966    -1.845
b[56]        -1.878   0.100    -2.065    -1.945    -1.885    -1.813    -1.660
b[57]        -1.574   0.096    -1.742    -1.643    -1.582    -1.513    -1.376
b[58]        -1.788   0.088    -1.942    -1.851    -1.800    -1.732    -1.595
b[59]        -1.826   0.089    -1.978    -1.888    -1.840    -1.770    -1.628
b[60]        -2.015   0.088    -2.155    -2.082    -2.029    -1.957    -1.823
b[61]        -1.936   0.092    -2.087    -2.003    -1.947    -1.881    -1.735
b[62]        -2.632   0.084    -2.772    -2.692    -2.647    -2.579    -2.449
b[63]        -1.816   0.084    -1.953    -1.878    -1.824    -1.766    -1.639
b[64]        -3.429   0.127    -3.657    -3.523    -3.432    -3.340    -3.170
b[65]        -1.953   0.089    -2.099    -2.016    -1.964    -1.895    -1.763
b[66]        -1.951   0.086    -2.094    -2.012    -1.964    -1.897    -1.769
b[67]        -1.998   0.087    -2.143    -2.061    -2.008    -1.942    -1.806
b[68]        -1.913   0.087    -2.058    -1.974    -1.925    -1.855    -1.726
b[69]        -1.656   0.090    -1.800    -1.723    -1.667    -1.598    -1.462
b[70]        -1.817   0.083    -1.951    -1.873    -1.831    -1.765    -1.638
b[71]        -2.106   0.100    -2.284    -2.174    -2.115    -2.044    -1.891
b[72]        -1.757   0.092    -1.914    -1.821    -1.767    -1.700    -1.562
b[73]        -1.856   0.083    -1.988    -1.917    -1.870    -1.801    -1.679
b[74]        -2.080   0.106    -2.267    -2.157    -2.086    -2.010    -1.860
b[75]        -2.164   0.080    -2.290    -2.224    -2.180    -2.117    -1.992
b[76]        -2.205   0.078    -2.327    -2.262    -2.224    -2.155    -2.033
b[77]        -2.203   0.083    -2.340    -2.265    -2.218    -2.144    -2.031
b[78]        -2.105   0.102    -2.282    -2.181    -2.113    -2.035    -1.895
b[79]        -1.787   0.095    -1.950    -1.855    -1.793    -1.730    -1.586
b[80]        -1.940   0.106    -2.128    -2.019    -1.947    -1.868    -1.726
b[81]        -2.005   0.097    -2.168    -2.077    -2.016    -1.940    -1.802
b[82]        -2.477   0.085    -2.608    -2.539    -2.489    -2.427    -2.285
b[83]        -1.707   0.094    -1.873    -1.770    -1.718    -1.650    -1.508
b[84]        -1.845   0.092    -2.004    -1.912    -1.857    -1.781    -1.650
b[85]        -2.023   0.088    -2.167    -2.087    -2.034    -1.967    -1.825
b[86]        -1.859   0.099    -2.032    -1.930    -1.868    -1.796    -1.648
b[87]        -2.478   0.082    -2.608    -2.540    -2.492    -2.427    -2.303
b[88]        -1.762   0.098    -1.931    -1.832    -1.773    -1.696    -1.556
b[89]        -1.981   0.086    -2.121    -2.044    -1.997    -1.926    -1.796
b[90]        -1.547   0.093    -1.707    -1.616    -1.557    -1.490    -1.349
b[91]        -1.913   0.086    -2.058    -1.975    -1.925    -1.857    -1.732
b[92]        -1.889   0.080    -2.012    -1.947    -1.906    -1.839    -1.713
b[93]        -1.703   0.094    -1.858    -1.769    -1.714    -1.638    -1.495
b[94]        -1.885   0.101    -2.057    -1.955    -1.894    -1.819    -1.670
b[95]        -1.811   0.080    -1.937    -1.869    -1.823    -1.763    -1.637
b[96]        -2.128   0.097    -2.298    -2.200    -2.138    -2.068    -1.930
b[97]        -1.888   0.088    -2.037    -1.950    -1.900    -1.833    -1.698
b[98]        -1.881   0.085    -2.018    -1.941    -1.895    -1.823    -1.702
b[99]        -1.765   0.097    -1.935    -1.833    -1.771    -1.703    -1.560
b[100]       -1.747   0.095    -1.911    -1.818    -1.754    -1.686    -1.554
b[101]       -2.314   0.104    -2.502    -2.389    -2.319    -2.248    -2.098
b[102]       -1.865   0.091    -2.017    -1.931    -1.877    -1.807    -1.675
b[103]       -2.035   0.285    -2.574    -2.228    -2.035    -1.835    -1.489
b[104]       -1.916   0.089    -2.069    -1.980    -1.928    -1.856    -1.726
b[105]       -1.929   0.085    -2.059    -1.991    -1.946    -1.874    -1.746
b[106]       -2.028   0.099    -2.199    -2.094    -2.038    -1.964    -1.808
b[107]       -1.913   0.101    -2.095    -1.983    -1.921    -1.846    -1.704
b[108]       -2.428   0.096    -2.591    -2.498    -2.434    -2.368    -2.220
b[109]       -1.778   0.097    -1.955    -1.847    -1.787    -1.715    -1.575
b[110]       -1.786   0.092    -1.945    -1.851    -1.795    -1.729    -1.593
b[111]       -1.878   0.094    -2.039    -1.945    -1.885    -1.814    -1.684
b[112]       -1.721   0.088    -1.874    -1.784    -1.734    -1.667    -1.531
b[113]       -1.975   0.147    -2.242    -2.082    -1.982    -1.874    -1.684
b[114]       -1.916   0.082    -2.049    -1.977    -1.927    -1.862    -1.735
b[115]       -2.008   0.098    -2.180    -2.074    -2.016    -1.948    -1.795
b[116]       -1.670   0.100    -1.841    -1.740    -1.678    -1.606    -1.460
b[117]       -2.081   0.096    -2.254    -2.148    -2.091    -2.023    -1.868
b[118]       -1.879   0.099    -2.054    -1.952    -1.890    -1.816    -1.662
b[119]       -1.967   0.091    -2.129    -2.029    -1.977    -1.911    -1.778
b[120]       -1.855   0.085    -1.995    -1.917    -1.868    -1.801    -1.666
b[121]       -1.936   0.098    -2.106    -2.009    -1.944    -1.868    -1.743
b[122]       -2.005   0.087    -2.153    -2.069    -2.017    -1.946    -1.820
b[123]       -1.715   0.090    -1.867    -1.777    -1.727    -1.663    -1.512
b[124]       -1.651   0.089    -1.796    -1.717    -1.665    -1.590    -1.453
b[125]       -1.911   0.093    -2.074    -1.976    -1.919    -1.852    -1.710
b[126]       -2.025   0.097    -2.189    -2.097    -2.030    -1.964    -1.819
b[127]       -1.792   0.085    -1.929    -1.854    -1.804    -1.740    -1.606
b[128]       -1.756   0.106    -1.951    -1.832    -1.763    -1.690    -1.531
b[129]       -1.544   0.089    -1.695    -1.609    -1.558    -1.484    -1.348
b[130]       -1.892   0.092    -2.044    -1.959    -1.902    -1.837    -1.697
b[131]       -1.570   0.094    -1.740    -1.636    -1.578    -1.506    -1.377
b[132]       -2.237   0.110    -2.432    -2.318    -2.243    -2.163    -2.016
b[133]       -2.023   0.084    -2.155    -2.087    -2.039    -1.973    -1.845
b[134]       -2.092   0.099    -2.268    -2.163    -2.099    -2.029    -1.885
b[135]       -2.108   0.086    -2.242    -2.170    -2.120    -2.058    -1.915
b[136]       -1.807   0.088    -1.953    -1.871    -1.818    -1.745    -1.622
b[137]       -2.021   0.096    -2.184    -2.091    -2.029    -1.959    -1.816
b[138]       -1.891   0.098    -2.071    -1.955    -1.898    -1.830    -1.685
b[139]       -2.219   0.088    -2.363    -2.282    -2.232    -2.161    -2.031
b[140]       -1.691   0.101    -1.867    -1.760    -1.703    -1.632    -1.477
b[141]       -2.130   0.080    -2.250    -2.188    -2.147    -2.077    -1.956
b[142]       -3.069   0.099    -3.238    -3.141    -3.084    -3.006    -2.854
b[143]       -1.742   0.092    -1.905    -1.808    -1.753    -1.685    -1.548
b[144]       -1.904   0.093    -2.065    -1.970    -1.917    -1.846    -1.702
b[145]       -1.951   0.096    -2.121    -2.017    -1.960    -1.890    -1.755
b[146]       -1.765   0.092    -1.914    -1.836    -1.776    -1.705    -1.568
b[147]       -1.831   0.093    -1.996    -1.899    -1.844    -1.773    -1.636
b[148]       -1.773   0.083    -1.908    -1.835    -1.783    -1.721    -1.596
b[149]       -2.137   0.093    -2.286    -2.204    -2.152    -2.075    -1.929
b[150]       -1.880   0.104    -2.067    -1.951    -1.886    -1.813    -1.667
b[151]       -1.964   0.088    -2.112    -2.027    -1.977    -1.910    -1.772
b[152]       -2.048   0.087    -2.194    -2.113    -2.060    -1.990    -1.868
b[153]       -1.925   0.101    -2.107    -1.993    -1.932    -1.858    -1.715
b[154]       -2.091   0.116    -2.298    -2.176    -2.094    -2.011    -1.857
b[155]       -2.122   0.101    -2.309    -2.195    -2.132    -2.058    -1.910
b[156]       -2.040   0.090    -2.188    -2.103    -2.050    -1.986    -1.849
b[157]       -2.014   0.081    -2.132    -2.074    -2.034    -1.962    -1.835
b[158]       -1.776   0.100    -1.954    -1.845    -1.784    -1.711    -1.564
b[159]       -2.310   0.090    -2.467    -2.374    -2.318    -2.255    -2.104
b[160]       -2.077   0.083    -2.205    -2.139    -2.091    -2.026    -1.892
b[161]       -2.006   0.105    -2.196    -2.079    -2.017    -1.938    -1.790
b[162]       -1.717   0.085    -1.857    -1.779    -1.730    -1.665    -1.537
b[163]       -1.599   0.091    -1.752    -1.664    -1.612    -1.537    -1.401
b[164]       -2.968   0.121    -3.191    -3.054    -2.973    -2.882    -2.731
b[165]       -1.838   0.101    -2.026    -1.906    -1.845    -1.773    -1.635
b[166]       -1.985   0.101    -2.165    -2.056    -1.995    -1.916    -1.784
b[167]       -1.907   0.132    -2.146    -1.995    -1.912    -1.819    -1.648
b[168]       -1.617   0.088    -1.767    -1.680    -1.626    -1.560    -1.430
b[169]       -1.850   0.084    -1.986    -1.911    -1.864    -1.799    -1.666
b[170]       -1.618   0.083    -1.752    -1.681    -1.632    -1.565    -1.435
b[171]       -2.043   0.091    -2.195    -2.109    -2.056    -1.980    -1.853
b[172]       -1.674   0.090    -1.835    -1.736    -1.684    -1.616    -1.479
b[173]       -1.641   0.091    -1.791    -1.710    -1.652    -1.583    -1.445
b[174]       -1.862   0.108    -2.054    -1.939    -1.869    -1.788    -1.632
b[175]       -1.681   0.084    -1.817    -1.742    -1.692    -1.629    -1.495
b[176]       -1.989   0.082    -2.129    -2.048    -2.002    -1.938    -1.808
b[177]       -2.710   0.095    -2.869    -2.782    -2.720    -2.647    -2.506
b[178]       -1.764   0.086    -1.901    -1.831    -1.775    -1.703    -1.583
b[179]       -1.679   0.089    -1.825    -1.742    -1.689    -1.620    -1.486
b[180]       -2.161   0.081    -2.287    -2.220    -2.181    -2.109    -1.985
b[181]       -1.762   0.098    -1.934    -1.834    -1.768    -1.694    -1.558
b[182]       -2.249   0.089    -2.389    -2.315    -2.261    -2.188    -2.056
b[183]       -1.696   0.098    -1.862    -1.768    -1.699    -1.633    -1.490
b[184]       -2.266   0.086    -2.404    -2.329    -2.280    -2.211    -2.080
b[185]       -2.123   0.091    -2.272    -2.191    -2.132    -2.066    -1.924
b[186]       -1.720   0.086    -1.857    -1.788    -1.734    -1.662    -1.536
b[187]       -1.776   0.101    -1.948    -1.848    -1.783    -1.710    -1.558
b[188]       -2.549   0.196    -2.927    -2.679    -2.554    -2.418    -2.164
b[189]       -1.871   0.091    -2.030    -1.935    -1.877    -1.808    -1.682
b[190]       -2.147   0.085    -2.292    -2.208    -2.161    -2.095    -1.965
b[191]       -1.640   0.104    -1.824    -1.717    -1.644    -1.569    -1.428
b[192]       -1.761   0.085    -1.900    -1.822    -1.776    -1.708    -1.575
b[193]       -1.901   0.098    -2.077    -1.972    -1.908    -1.835    -1.691
b[194]       -1.888   0.085    -2.029    -1.951    -1.900    -1.831    -1.708
b[195]       -1.834   0.094    -2.006    -1.904    -1.842    -1.772    -1.641
b[196]       -2.275   0.101    -2.457    -2.345    -2.286    -2.211    -2.057
b[197]       -1.699   0.102    -1.875    -1.775    -1.710    -1.627    -1.486
b[198]       -2.138   0.089    -2.288    -2.200    -2.151    -2.082    -1.949
b[199]       -1.720   0.085    -1.858    -1.784    -1.731    -1.669    -1.533
b[200]       -2.192   0.082    -2.321    -2.253    -2.206    -2.143    -2.007
b[201]       -1.843   0.095    -2.019    -1.913    -1.849    -1.778    -1.652
b[202]       -2.153   0.080    -2.278    -2.213    -2.168    -2.102    -1.976
b[203]       -1.784   0.092    -1.940    -1.855    -1.798    -1.720    -1.579
b[204]       -1.823   0.087    -1.965    -1.887    -1.836    -1.761    -1.633
b[205]       -2.025   0.104    -2.208    -2.099    -2.035    -1.956    -1.808
b[206]       -1.986   0.093    -2.145    -2.052    -1.999    -1.928    -1.792
b[207]       -1.824   0.097    -1.985    -1.894    -1.832    -1.765    -1.610
b[208]       -1.515   0.095    -1.685    -1.580    -1.524    -1.453    -1.310
b[209]       -2.009   0.085    -2.152    -2.069    -2.024    -1.958    -1.825
b[210]       -1.856   0.097    -2.033    -1.923    -1.863    -1.793    -1.648
b[211]       -1.633   0.087    -1.776    -1.696    -1.643    -1.578    -1.439
b[212]       -2.543   0.089    -2.691    -2.606    -2.555    -2.488    -2.348
b[213]       -1.616   0.090    -1.769    -1.679    -1.627    -1.556    -1.421
b[214]       -1.427   0.083    -1.558    -1.487    -1.440    -1.376    -1.251
b[215]       -2.167   0.112    -2.373    -2.248    -2.170    -2.090    -1.952
b[216]       -2.014   0.102    -2.194    -2.084    -2.022    -1.942    -1.806
b[217]       -2.057   0.090    -2.206    -2.124    -2.068    -1.997    -1.863
b[218]       -1.896   0.089    -2.044    -1.962    -1.907    -1.837    -1.710
b[219]       -1.798   0.086    -1.939    -1.862    -1.809    -1.744    -1.612
b[220]       -1.696   0.088    -1.845    -1.759    -1.710    -1.637    -1.510
b[221]       -1.699   0.092    -1.844    -1.767    -1.710    -1.646    -1.499
b[222]       -1.494   0.095    -1.667    -1.560    -1.501    -1.431    -1.294
b[223]       -1.833   0.089    -1.982    -1.899    -1.843    -1.771    -1.644
b[224]       -1.811   0.095    -1.981    -1.878    -1.816    -1.747    -1.624
b[225]       -1.931   0.080    -2.055    -1.994    -1.949    -1.877    -1.756
b[226]       -2.568   0.087    -2.707    -2.633    -2.583    -2.507    -2.383
b[227]       -2.076   0.095    -2.234    -2.147    -2.083    -2.017    -1.874
b[228]       -1.806   0.092    -1.959    -1.874    -1.816    -1.750    -1.609
b[229]       -1.807   0.110    -2.011    -1.885    -1.811    -1.732    -1.586
b[230]       -1.854   0.092    -2.023    -1.922    -1.862    -1.792    -1.665
b[231]       -1.939   0.096    -2.115    -2.005    -1.946    -1.875    -1.724
b[232]       -1.954   0.085    -2.092    -2.017    -1.968    -1.897    -1.764
b[233]       -1.896   0.087    -2.043    -1.958    -1.906    -1.842    -1.713
b[234]       -1.806   0.084    -1.941    -1.868    -1.820    -1.752    -1.625
b[235]       -3.065   0.093    -3.231    -3.130    -3.074    -3.007    -2.863
b[236]       -1.770   0.087    -1.912    -1.835    -1.786    -1.712    -1.587
b[237]       -1.837   0.087    -1.981    -1.901    -1.849    -1.781    -1.655
b[238]       -1.759   0.104    -1.946    -1.834    -1.764    -1.687    -1.542
b[239]       -1.808   0.097    -1.981    -1.877    -1.814    -1.749    -1.604
b[240]       -1.802   0.103    -1.983    -1.872    -1.811    -1.732    -1.595
b[241]       -2.039   0.081    -2.168    -2.100    -2.058    -1.983    -1.860
b[242]       -2.761   0.084    -2.894    -2.824    -2.772    -2.710    -2.578
b[243]       -2.075   0.081    -2.207    -2.132    -2.090    -2.024    -1.898
b[244]       -2.497   0.145    -2.762    -2.600    -2.502    -2.398    -2.200
b[245]       -1.777   0.089    -1.932    -1.839    -1.790    -1.725    -1.579
b[246]       -1.744   0.099    -1.917    -1.816    -1.752    -1.682    -1.532
b[247]       -2.227   0.093    -2.391    -2.296    -2.234    -2.168    -2.032
b[248]       -1.834   0.088    -1.977    -1.901    -1.847    -1.774    -1.642
b[249]       -1.929   0.084    -2.067    -1.990    -1.942    -1.872    -1.751
b[250]       -2.130   0.092    -2.288    -2.195    -2.139    -2.068    -1.936
b[251]       -2.347   0.086    -2.487    -2.411    -2.358    -2.292    -2.164
b[252]       -1.799   0.089    -1.957    -1.864    -1.803    -1.743    -1.613
b[253]       -1.971   0.087    -2.115    -2.035    -1.982    -1.915    -1.783
b[254]       -1.857   0.097    -2.027    -1.921    -1.865    -1.796    -1.651
b[255]       -2.209   0.084    -2.343    -2.272    -2.224    -2.155    -2.022
b[256]       -2.053   0.084    -2.186    -2.114    -2.066    -2.001    -1.869
b[257]       -1.871   0.091    -2.017    -1.938    -1.883    -1.810    -1.670
b[258]       -1.945   0.092    -2.099    -2.010    -1.958    -1.885    -1.742
b[259]       -1.948   0.083    -2.080    -2.011    -1.963    -1.894    -1.770
b[260]       -1.960   0.094    -2.122    -2.027    -1.968    -1.894    -1.766
b[261]       -2.656   0.081    -2.780    -2.716    -2.671    -2.602    -2.478
b[262]       -2.073   0.123    -2.296    -2.158    -2.075    -1.990    -1.824
b[263]       -2.232   0.113    -2.437    -2.306    -2.240    -2.164    -1.996
b[264]       -1.724   0.104    -1.907    -1.797    -1.731    -1.656    -1.511
b[265]       -1.569   0.091    -1.729    -1.632    -1.573    -1.509    -1.381
b[266]       -1.846   0.095    -2.016    -1.914    -1.852    -1.783    -1.656
b[267]       -1.851   0.102    -2.031    -1.924    -1.857    -1.783    -1.652
b[268]       -1.959   0.081    -2.085    -2.018    -1.972    -1.908    -1.788
b[269]       -1.859   0.099    -2.038    -1.929    -1.869    -1.792    -1.650
b[270]       -3.067   0.095    -3.230    -3.132    -3.075    -3.006    -2.869
b[271]       -2.140   0.090    -2.293    -2.204    -2.151    -2.087    -1.942
b[272]       -1.764   0.085    -1.904    -1.824    -1.776    -1.711    -1.579
b[273]       -2.039   0.087    -2.183    -2.103    -2.050    -1.983    -1.848
b[274]       -1.902   0.084    -2.037    -1.963    -1.915    -1.852    -1.717
b[275]       -2.690   0.091    -2.853    -2.754    -2.701    -2.630    -2.498
b[276]       -1.917   0.095    -2.081    -1.983    -1.926    -1.860    -1.715
b[277]       -2.030   0.101    -2.198    -2.098    -2.038    -1.969    -1.809
b[278]       -1.810   0.097    -1.982    -1.881    -1.818    -1.745    -1.617
b[279]       -2.142   0.087    -2.284    -2.204    -2.158    -2.087    -1.951
b[280]       -1.827   0.093    -1.984    -1.893    -1.838    -1.766    -1.625
b[281]       -1.815   0.094    -1.971    -1.886    -1.827    -1.755    -1.610
b[282]       -1.999   0.107    -2.195    -2.074    -2.012    -1.927    -1.779
b[283]       -1.661   0.087    -1.796    -1.726    -1.675    -1.604    -1.476
b[284]       -1.772   0.096    -1.933    -1.843    -1.782    -1.705    -1.567
b[285]       -2.811   0.084    -2.948    -2.871    -2.825    -2.755    -2.636
b[286]       -1.887   0.086    -2.026    -1.949    -1.898    -1.831    -1.701
b[287]       -1.980   0.087    -2.125    -2.042    -1.993    -1.923    -1.801
b[288]       -2.102   0.094    -2.263    -2.168    -2.111    -2.043    -1.903
b[289]       -1.815   0.086    -1.953    -1.877    -1.825    -1.760    -1.626
b[290]       -1.735   0.085    -1.874    -1.798    -1.745    -1.681    -1.550
b[291]       -1.697   0.088    -1.840    -1.760    -1.709    -1.645    -1.503
b[292]       -1.956   0.094    -2.124    -2.023    -1.961    -1.896    -1.756
b[293]       -1.985   0.087    -2.130    -2.050    -1.996    -1.928    -1.797
b[294]       -2.016   0.096    -2.192    -2.082    -2.022    -1.950    -1.826
b[295]       -1.742   0.133    -1.980    -1.839    -1.747    -1.652    -1.473
b[296]       -1.993   0.090    -2.141    -2.060    -2.008    -1.935    -1.797
b[297]       -1.710   0.102    -1.892    -1.782    -1.716    -1.641    -1.501
b[298]       -1.815   0.098    -1.988    -1.884    -1.820    -1.754    -1.609
b[299]       -1.982   0.085    -2.120    -2.042    -1.995    -1.928    -1.796
b[300]       -1.992   0.089    -2.140    -2.058    -2.005    -1.932    -1.801
beta1[1]      0.209   0.076     0.113     0.159     0.187     0.221     0.371
beta1[2]      0.322   0.075     0.225     0.272     0.299     0.336     0.481
beta1[3]      0.932   0.076     0.831     0.881     0.909     0.945     1.096
beta1[4]      0.933   0.076     0.832     0.881     0.909     0.947     1.095
beta1[5]      0.777   0.076     0.678     0.726     0.753     0.793     0.941
gamma1[1]     1.510   0.083     1.376     1.445     1.513     1.574     1.654
gamma1[2]     1.295   0.083     1.160     1.229     1.299     1.359     1.439
mu.int       -1.958   0.078    -2.082    -2.016    -1.976    -1.908    -1.786
sigma.int     0.284   0.012     0.261     0.276     0.284     0.293     0.310
deviance  20636.994  24.907 20588.459 20619.863 20636.845 20653.425 20686.176

DIC info (using the rule: pV = var(deviance)/2)
pV = 310.2 and DIC = 20947.2
DIC is an estimate of expected predictive error (lower deviance is better).
